77803
77808
77809
77810
77811
77813
77814
77816
77817
77818
77820
77821
77822
77823
77824
77825
77826
77827
77828
77829
77830
77831
77858
78022
78216
78219
78220
78320
78324
78330
78332
78348
78375
78382
78397
78436
78438
78445
78447
78455
78523
78525
78526
78532
78540
78550
78585
78611
78629
78630
78632
78641
78642
78649
78651
78655
78656
78659
78663
78681
78682
78686
78724
78726
78763
78768
78773
78775
78776
78779
78784
78801
78804
78810
78812
78831
78864
78891
78900
78918
78933
78935
78938
78939
78964
78965
78972
78976
78978
78979
78981
78983
79001
79002
79003
79004
79005
79010
79013
79016
79038
79039
79040
79049
79050
79071
79075
79092
79094
79131
79136
79137
79154
79155
79164
79167
79195
79227
79232
79241
79242
79265
79266
79272
79274
79281
79294
79295
79298
79301
79311
79318
79338
79341
79342
79345
79350
79352
79356
79362
79364
79406
79410
79426
79429
79435
79452
79455
79459
79462
79463
79464
79468
79469
79479
79480
79488
79493
79494
79533
79534
79535
79546
79547
79568
79587
79588
79592
79593
79598
79609
79628
79630
79631
79636
79638
79639
79642
79644
79665
79667
79668
79671
79684
79695
79717
79718
79719
79720
79722
79724
79725
79726
79727
79728
79730
79732
79735
79738
79739
79741
79742
79744
79746
79747
79748
79749
79750
79751
79753
79756
79758
79760
79761
79764
79765
79767
79769
79780
79783
79784
79785
79786
79790
79802
79803
79804
79806
79810
79812
79813
79814
79815
79816
79817
79834
79846
79848
79853
79890
79891
79892
79895
79896
79902
79931
79932
79933
79965
79986
79996
80001
80003
80005
80008
80009
80029
80041
80048
80064
80065
80068
80070
80072
80110
80111
80113
80122
80127
80128
80137
80139
80160
80161
80164
80206
80208
80210
80219
80226
80245
80247
80248
80257
80262
80296
80300
80301
80303
80304
80310
80315
80330
80332
80335
80350
80351
80355
80360
80362
80381
80399
80401
80403
80409
80417
80421
80430
80450
80454
80462
80465
80470
80473
80480
80517
80520
80530
80578
80582
80584
80589
80594
80595
80602
80624
80631
80636
80638
80650
80664
80666
80686
80696
80697
80737
80741
80750
80754
80777
80779
80787
80800
80801
80804
80806
80810
80814
80839
80845
80859
80862
80865
80873
80877
80878
80899
80900
80933
80936
80968
80969
81002
81003
81004
81008
81009
81010
81011
81012
81024
81025
81026
81027
81030
81032
81033
81034
81035
81036
81038
81039
81040
81042
81044
81045
81046
81047
81048
81049
81050
81051
81054
81055
81056
81057
81058
81059
81060
81061
81065
81066
81067
81068
81069
81070
81072
81073
81074
81075
81076
81077
81078
81080
81081
81082
81084
81085
81086
81087
81088
81090
81100
81102
81103
81106
81128
81129
81139
81141
81147
81148
81149
81150
81151
81152
81153
81154
81155
81164
81165
81166
81170
81171
81172
81173
81174
81175
81176
81177
81178
81179
81180
81181
81182
81183
81184
81185
81186
81187
81188
81211
81216
81219
81227
81237
81239
81240
81241
81242
81244
81245
81246
81258
81259
81260
81261
81262
81263
81264
81268
81269
81270
81271
81272
81274
81276
81277
81278
81294
81296
81297
81298
81299
81300
81301
81303
81304
81305
81306
81308
81309
81310
81311
81312
81313
81314
81315
81316
81317
81318
81324
81325
81326
81327
81328
81329
81330
81333
81336
81383
81396
81410
81415
81416
81418
81419
81420
81422
81424
81426
81427
81428
81429
81432
81433
81434
81435
81438
81439
81441
81442
81443
81445
81447
81448
81449
81451
81452
81454
81456
81457
81458
81459
81491
81492
81493
81494
81495
81496
81497
81498
81499
81500
81501
81502
81503
81504
81505
81506
81507
81508
81509
81510
81511
81512
81513
81514
81515
81516
81517
81518
81519
81520
81521
81522
81524
81525
81526
81527
81528
81553
81554
81555
81556
81557
81559
81560
81561
81562
81563
81564
81565
81566
81567
81568
81569
81570
81571
81574
81575
81576
81577
81578
81579
81580
81581
81582
81583
81584
81585
81586
81587
81588
81589
81590
81591
81592
81593
81594
81595
81596
81597
81598
81599
81601
81602
81603
81605
81606
81607
81608
81609
81610
81611
81612
81613
81614
81615
81617
81618
81619
81621
81622
81625
81626
81627
81628
81629
81630
81634
81635
81636
81637
81638
81639
81640
81641
81642
81643
81644
81645
81646
81647
81648
81650
81651
81654
81655
81656
81657
81658
81659
81660
81661
81662
81663
81664
81665
81666
81667
81668
81669
81670
81671
81672
81673
81674
81675
81676
81677
81678
81679
81680
81681
81682
81683
81684
81685
81686
81687
81688
81689
81690
81691
81692
81693
81694
81696
81697
81698
81701
81702
81703
81704
81706
81710
81711
81713
81714
81715
81716
81717
81723
81724
81725
81726
81727
81728
81729
81730
81731
81732
81733
81734
81735
81736
81737
81738
81739
81740
81741
81742
81763
81815
81816
81817
81818
81819
81820
81821
81822
81938
81949
81950
81951
81952
81953
81954
81955
81956
81957
81958
81959
81960
81961
81962
81963
81964
81965
81966
81967
81968
81969
81970
81971
81972
81973
81974
81975
81976
81977
81978
81979
81980
81981
82019
82020
82058
82059
82839
82841
82842
82843
82844
82845
82846
82847
82848
82849
82850
82856
82857
82858
82859
82860
82861
82862
82863
82864
82865
82866
82867
82873
82884
82885
82886
82887
82888
82890
82891
82892
82893
82894
82895
82896
82897
82898
82899
82900
82901
82902
82903
82904
82905
82906
82907
82908
82909
82910
82911
82912
82913
82914
82915
82916
82918
82919
82920
82921
82922
82923
82924
82925
82926
82927
82928
82929
82933
82934
82935
82936
82937
82938
82942
82943
82944
82945
82946
82947
82948
82949
82950
82951
82952
82953
82954
82956
82957
82958
82959
82960
82961
82962
82963
82964
82965
82966
82975
82978
82985
82986
82987
82988
82989
82990
82991
82992
82993
82994
82995
82996
82997
82998
82999
83000
83001
83002
83003
83004
83005
83006
83007
83008
83009
83010
83011
83012
83013
83014
83032
83033
83170
83178
83183
83184
83185
83186
83188
83192
83193
83194
83195
83196
83201
83202
83203
83204
83205
83208
83209
83211
83212
83213
83214
83215
83216
83217
83218
83219
83220
83221
83222
83223
83226
83227
83229
83231
83236
83237
83238
83239
83243
83340
83381
83382
83389
83391
83392
83393
83394
83395
83396
83405
83407
83417
83420
83449
83450
83453
83454
83457
83459
83461
83462
83463
83464
83465
83466
83467
83468
83469
83470
83471
83473
83474
83475
83476
83477
83478
83479
83480
83481
83482
83483
83484
83485
83486
83487
83488
83489
83490
83491
83492
83493
83494
83495
83497
83498
83499
83501
83502
83503
83505
83506
83508
83509
83511
83513
83514
83515
83516
83517
83518
83519
83520
83521
83522
83523
83524
83526
83527
83528
83529
83530
83531
83532
83533
83534
83535
83536
83537
83538
83539
83540
83541
83542
83543
83544
83545
83546
83547
83548
83549
83550
83551
83552
83553
83554
83738
83739
83740
83741
83742
83743
83744
83745
83748
83749
83750
83751
83753
83754
83755
83756
83757
83758
83759
83760
83761
83763
83764
83765
83768
83769
83770
83771
83772
83867
83868
83869
83870
83871
83872
83873
83874
83875
83876
83877
83878
83879
83880
83882
83883
83884
83885
83886
83887
83888
83889
83890
83891
83892
83893
83894
83895
83896
83897
83898
83901
83902
83903
83909
83910
83911
83912
83913
83914
83915
83916
83917
83919
83921
83922
83924
83925
83926
83928
83929
83930
83931
83932
83933
83934
83935
83936
83937
83938
83939
83940
83941
83942
83943
83944
83945
83946
83947
83948
83949
83950
83951
83952
83953
83954
83955
83956
83957
83958
83959
83960
83961
83962
83963
83964
83965
83966
83967
83968
83969
83970
83971
83972
83973
83974
83975
83976
83977
83978
83979
83980
83981
83982
83983
83984
83985
83986
83987
83988
83989
83990
84037
84038
84048
84081
84082
84083
84086
84095
84098
84099
84100
84101
84102
84105
84106
84107
84108
84109
84110
84111
84112
84113
84116
84117
84121
84122
84123
84124
84127
84128
84129
84130
84131
84133
84134
84136
84137
84138
84139
84140
84141
84145
84146
84147
84148
84149
84150
84151
84152
84153
84154
84155
84156
84157
84168
84174
84175
84176
84177
84178
84179
84180
84181
84182
84202
84228
84281
84282
84283
84284
84286
84288
84289
84290
84291
84293
84294
84295
84296
84297
84298
84299
84300
84303
84307
84309
84310
84311
84312
84313
84314
84316
84319
84320
84321
84322
84324
84325
84326
84327
84328
84329
84331
84332
84333
84334
84335
84336
84337
84338
84340
84341
84342
84343
84344
84346
84347
84348
84350
84351
84352
84353
84354
84355
84356
84357
84373
84383
84384
84385
84437
84438
84439
84440
84441
84443
84444
84465
84466
84467
84468
84469
84470
84471
84472
84473
84474
84475
84476
84477
84478
84479
84480
84481
84482
84483
84485
84486
84487
84488
84489
84490
84491
84492
84493
84494
84495
84496
84497
84498
84499
84500
84503
84505
84506
84507
84508
84512
84513
84539
84540
84541
84542
84543
84544
84545
84546
84548
84565
84567
84568
84569
84570
84571
84573
84574
84576
84577
84578
84579
84580
84583
84584
84585
84586
84587
84588
84589
84590
84591
84592
84593
84595
84596
84597
84599
84600
84601
84602
84604
84605
84606
84607
84608
84609
84610
84611
84612
84613
84614
84615
84616
84617
84618
84619
84620
84621
84622
84623
84624
84625
84626
84627
84628
84629
84631
84634
84635
84636
84637
84641
84642
84643
84674
84723
84724
84725
84726
84727
84728
84729
84730
85008
85009
85010
85011
85012
85014
85015
85021
85022
85023
85024
85025
85026
85027
85028
85029
85030
85031
85032
85033
85034
85035
85036
85037
85038
85040
85044
85045
85129
85188
85189
85190
85191
85192
85193
85194
85195
85196
85197
85198
85199
85200
85201
85202
85203
85204
85205
85206
85207
85208
85209
85210
85211
85212
85213
85214
85215
85217
85218
85219
85224
85225
85226
85227
85228
85229
85232
85233
85234
85235
85236
85237
85238
85239
85240
85241
85242
85243
85244
85245
85246
85247
85248
85249
85250
85251
85252
85253
85254
85255
85256
85257
85258
85259
85260
85261
85262
85263
85264
85265
85268
86266
86268
86274
86275
86276
86277
86278
86279
86280
86319
86320
86321
86887
87128
87129
87190
87249
87250
87251
87252
87254
87255
87256
87257
87258
87259
87260
87262
87263
87264
87267
87268
87269
87270
87272
87273
87274
87275
87276
87277
87279
87280
87281
87282
87283
87284
87285
87286
87287
87288
87289
87290
87291
87293
87294
87295
87296
87297
87298
87306
87307
87308
87309
87310
87311
87312
87313
87314
87315
87316
87317
87318
87319
87320
87321
87322
87323
87324
87325
87327
87328
87351
87352
87353
87354
87355
87356
87357
87363
87365
87366
87367
87368
87373
87377
87378
87379
87392
87394
87395
87418
87419
87420
87426
87427
87428
87429
87436
87437
87438
87448
87471
87477
87478
87489
87490
87491
87492
87493
87494
87509
87510
87511
87512
87555
87560
87561
87563
87564
87565
87567
87572
87573
87574
87575
87576
87577
87578
87579
87580
87581
87582
87583
87584
87585
87586
87587
87588
87589
87590
87591
87592
87593
87594
87595
87596
87597
87598
87599
87600
87601
87602
87603
87604
87605
87606
87607
87608
87609
87610
87611
87612
87613
87614
87615
87616
87617
87618
87619
87620
87621
87622
87623
87624
87625
87626
87627
87628
87629
87630
87631
87632
87633
87634
87635
87636
87637
87638
87639
87640
87641
87642
87643
87644
87645
87646
87647
87648
87649
87650
87651
87652
87653
87654
87655
87656
87657
87658
87659
87660
87661
87662
87663
87664
87665
87666
87667
87668
87669
87670
87671
87672
87673
87674
87675
87676
87677
87678
87679
87680
87681
87682
87683
87684
87685
87686
87687
87688
87689
87690
87691
87692
87693
87694
87695
87696
87697
87698
87699
87700
87701
87702
87703
87704
87705
87706
87707
87708
87709
87710
87711
87712
87713
87728
87729
87747
87749
87750
87751
87752
87753
87759
87760
87761
87783
87784
87791
89200
89201
89202
89224
89229
89230
89233
89234
89237
89238
89239
89240
89241
89242
89243
89244
89245
89246
89247
89248
89249
89254
89258
89264
89265
89270
89286
89287
89288
89289
89290
89291
89292
89293
89294
89295
89296
89297
89298
89299
89300
89301
89302
89303
89304
89305
89306
89307
89308
89310
89311
89312
89313
89314
89315
89316
89317
89318
89319
89320
89321
89322
89323
89324
89325
89326
89327
89328
89329
89330
89331
89332
89333
89334
89335
89336
89337
89338
89339
89340
89341
89342
89343
89344
89345
89346
89347
89348
89349
89350
89351
89352
89353
89354
89355
89356
89358
89360
89427
89438
89439
89440
89441
89442
90473
90475
90479
90481
90482
90483
90497
90512
90513
90514
90699
90700
90737
90740
90742
90743
90746
